00100110
0000000100000001
00001001
00010000
00000100
00001000
00100110
00000010
00011101
00001100
00100110
00000001
00001000
00010000
00011001
00000100
00001101
00010000
00011011
00000100
00001000
00010100
00011001
00001101
00100110
0000000100000000
00001000
00010000
00011001
00000100
00001000
00010100
00011001
00001101
00100110
0000000100000000
00001000
00010000
00011011
00000100
00001000
00010100
00011001
00001000
00100110
00000001
00011101
00001000
00010011
00011001
00001100
00100110
0000000100000001
00001000
00010000
00011001
00000100
00001101
00010000
00011011
00000100
00001000
00010100
00011001
00001101
00100110
11111111
00001000
00010000
00011001
00000100
00001000
00010100
00011001
00001101
00100110
11111111
00001000
00010000
00011011
00000100
00001000
00010100
00011001
00001000
00010011
00011001
00001000
00100110
00000100
00011111
00001100
00100110
0000000100000001
00001000
00010000
00011011
00001110
00010011
00010110
00100110
1111111011111110
00001000
00010000
00011011
00101001
01111111
00100110
11111101
00001000
00010001
00011011
00101001
01110110
00100011
00100100
00110001
00000011
00100011
00100011
00100011
00100110
00000000
00001010
00110001
00000011
00110011
00100110
00000000
00001001
00001010
00001011
00010000
00000100
00001100
00010010
00001110
00010011
00010110
00010000
00001000
00100110
1111111011111110
00011011
00101001
10101100
00010001
00001000
00100110
11111110
00011011
00101001
10100000
00100100
00100100
00100011
00100011
00100101
00110001
10000100
00100110
00000000
00001010
00100110
0000000100000010
00001000
00010000
00011001
00001001
00100101
00110001
10000100
00110011